-0.00000005899995409 0.00000001658888545 0.00000009217772499 0.00000017096434198
 0.00000028269541617 0.00000039442649036 0.00000063366786132 0.00000106549790749
 0.00000165497539929 0.00000233368766729 0.00000337299568455 0.00000495074566257
 0.00000681003593558 0.00000894425962001 0.00001188568984328 0.00001601735015054
 0.00002138281927485 0.00002956285409576 0.00003908645224914 0.00004966700104743
 0.00006153402891715 0.00007750989105128 0.00009814684049485 0.00012148458090534
 0.00014936047049643 0.00018128204399046 0.00021817745310605 0.00025946042544717
 0.00030496460228872 0.00035193871968356 0.00040657819759111 0.00048605501983027
 0.00058880709833220 0.00070516350049381 0.00083363707118340 0.00098214142186280
 0.00114786671434844 0.00133976100992437 0.00156923371906153 0.00183636469358294
 0.00214867273134966 0.00251429631450882 0.00292626747671909 0.00339036730053591
 0.00390971428608225 0.00448841251356248 0.00512843089807092 0.00588842646744668
 0.00682652386953018 0.00791959450915231 0.00914703515413845 0.01050762878118122
 0.01201587777097461 0.01366999380696719 0.01553972779057812 0.01760795193326021
 0.01968850495117379 0.02167587055887438 0.02383922062461420 0.02651963509744058
 0.02964522354545383 0.03301249801815157 0.03676299082892018 0.04089792663669164
 0.04524999780010622 0.04951042666959726 0.05415146221511900 0.05933100289067710
 0.06541918351289010 0.07201033644181966 0.07888168890590126 0.08646153628713617
 0.09539515959764518 0.10480629038140211 0.11533742988137434 0.12689683443471469
 0.13930776608587889 0.15267338505394579 0.16666340218026954 0.18172310494111651
 0.19833595107349505 0.21686277110298063 0.23718040796222695 0.26057811999099956
 0.28764893505508571 0.31513886985425904 0.34555994267334217 0.38094023485230644
 0.42240055656408165 0.46868839583217065 0.51691914084060386 0.56983040916439665
 0.62748895789161718 0.69809327910822272 0.78781967767913763 1.00000000000000000
-0.00005353080384887-0.00005303796886489-0.00005254513388091-0.00005174815493380
-0.00005090569834470-0.00004915370047461-0.00004718733559645-0.00004446631753546
-0.00004086762568745-0.00003613959914485-0.00002834224695866-0.00001668618347556
-0.00000291133167277 0.00000996865522478 0.00002312170458324 0.00003719412906909
 0.00005284503707911 0.00007089350645692 0.00009191993882105 0.00011649307893227
 0.00014958582199513 0.00018414768351735 0.00022187094102798 0.00026290747165496
 0.00031028719045458 0.00036532732268510 0.00042855075926910 0.00050232354583533
 0.00058498402666582 0.00067780592734050 0.00077798617316047 0.00088938760733579
 0.00102461104417999 0.00118321562982580 0.00136738607822619 0.00157651285220429
 0.00180071971214964 0.00203884780065446 0.00230163131294670 0.00259160588928700
 0.00292631234340646 0.00330924850116638 0.00373579335955347 0.00420361489290082
 0.00474222907678595 0.00529717738127922 0.00596305425546351 0.00675186743474290
 0.00759141165880585 0.00855627791120402 0.00976049995837371 0.01102095142460659
 0.01229607479684761 0.01365218109042044 0.01517588241904672 0.01689061361398283
 0.01858250798225182 0.02034333170849624 0.02246797486909360 0.02487236031959670
 0.02740095147525586 0.02986003540581202 0.03271412535182347 0.03561710124001118
 0.03854484537644006 0.04174765898916261 0.04569598808237081 0.05034280456493199
 0.05574266987893538 0.06163454944398664 0.06838900054691528 0.07613969099561185
 0.08351927317811071 0.08876017483669831 0.09475946734842844 0.10112005381439648
 0.10806524244729430 0.11717463268613734 0.12648373457457054 0.13542222626832248
 0.14851419575165542 0.16497184515080496 0.18297076927574552 0.20163206727718905
 0.22218020249218862 0.24855892177669670 0.28282010121630186 0.31916030742423251
 0.36504285081071758 0.41899343231169733 0.47940410654735599 0.54338645405918828
 0.61402640384118312 0.70124956325255472 0.80535327214902719 1.00000000000000000
-0.00261085554343516 0.01022001898290838 0.02195841672840466 0.03286762767164213
 0.04225154716220917 0.05175784152522875 0.05970976688657128 0.06796918982698874
 0.07806557859555391 0.08978567372831024 0.10140489931859364 0.11218016911189860
 0.12243145767693681 0.13318793717856678 0.14358185631987680 0.15336984530404379
 0.16465470345518129 0.17808587083416005 0.19193705330549071 0.20431811140915559
 0.21503311637586367 0.22437211945342320 0.23323371160122885 0.24303207631401785
 0.25563104908437534 0.26839252888387982 0.28022821993400410 0.29123619206601259
 0.30240839219073806 0.31407337815082104 0.32610038600841162 0.33668794528637985
 0.34596081805452583 0.35439544371873200 0.36281031434391509 0.37302802438993998
 0.38227606891116239 0.38918872746596450 0.39611169930107509 0.40306903996130405
 0.41014851942087982 0.42023162648666035 0.43248630763166329 0.44482467795281144
 0.45655812616144742 0.46737353475669074 0.47772785550120961 0.48820756768092494
 0.49869120972873826 0.50878870278939481 0.51846627465794781 0.52689857933027529
 0.53570084275713414 0.54570507880520502 0.55733406706949007 0.57029783067055961
 0.58235614530496982 0.59424441734865996 0.60510269256271709 0.61599377133786104
 0.62674396441975933 0.63869143455628374 0.65064749023012969 0.66153586418335086
 0.67164479810495581 0.68107388419505865 0.69152219304465279 0.70347460478172275
 0.71502938324421128 0.72565303754804755 0.73617390033539276 0.74719794539579620
 0.75776823267049576 0.76820806889200299 0.77928907701989358 0.79106420469145944
 0.80342094568576350 0.81606312005958859 0.82850552935572797 0.84029145721547882
 0.85167451914739767 0.86276408043165176 0.87335449057348924 0.88314261443398534
 0.89307042440842310 0.90353106847384912 0.91396867625152511 0.92402548033912602
 0.93286128701149795 0.94032901243238898 0.94747286503887684 0.95538100988898877
 0.96509247855609981 0.97634512800516415 0.98811434210077376 1.00000000000000000
 0.00020146356820342 0.00021901800847147 0.00026944803108045 0.00033462006572287
 0.00041355649229219 0.00055759979338678 0.00071748411033467 0.00090314652518135
 0.00113153074099777 0.00142003636555626 0.00177339250723842 0.00221346072583602
 0.00279530104729477 0.00354843010862381 0.00450335977307881 0.00570898660241708
 0.00719242311290303 0.00906220831572383 0.01144490351030100 0.01434224021823169
 0.01783041518067134 0.02272787077855988 0.02912200693655481 0.03830188827047400
 0.05159098691891678 0.06974707799940423 0.09594789022106370 0.13329372240235307
 0.18631184822105196 0.25082259943035989 0.33265545772969690 0.42296332120466390
 0.51242105530983351 0.59217069501527064 0.66190281876074830 0.71765916692398490
 0.76293100164446559 0.80099444350880200 0.83286130344653297 0.86024166070923336
 0.88043450621777186 0.89722241540329528 0.91272968851832592 0.92622217663665851
 0.93826159889383798 0.94880810557488326 0.95788090485934030 0.96520485537314438
 0.97123103724702586 0.97619577166137195 0.98009553440823471 0.98305960141300308
 0.98551261019997904 0.98763916916251171 0.98950882241757021 0.99123615575856328
 0.99279000838866871 0.99414078582605736 0.99528303823773134 0.99622217238463862
 0.99695804497549523 0.99751090000012144 0.99793860772383103 0.99829869002701421
 0.99860678406523107 0.99887062908977664 0.99910861839987009 0.99928444016084361
 0.99939780953763879 0.99949735966018782 0.99958331687222579 0.99965756574343623
 0.99972198618643104 0.99977927791373933 0.99982703133098416 0.99986167490595901
 0.99988613430186846 0.99990614245326515 0.99992419102734453 0.99993953704384675
 0.99995271987880041 0.99996366621081756 0.99997246152794861 0.99997774720584665
 0.99998212175298085 0.99998611893728373 0.99998982434263328 0.99999308391260655
 0.99999469053667489 0.99999602965803369 0.99999731425082083 0.99999837710120210
 0.99999878282590160 0.99999918855060110 0.99999959427530050 1.00000000000000000
-0.00152241308240772 0.00555115489216223 0.01366536623413205 0.02192637117673821
 0.03017472819578133 0.03799384909468201 0.04560490303255459 0.05425663206602603
 0.06325183866468212 0.06965770005837348 0.07577803135748652 0.08252107002640473
 0.09122462542681081 0.10048432554771801 0.10657275426124892 0.11213247815529731
 0.11864951902376812 0.12598468096391682 0.13383551088708462 0.14635619665481334
 0.15854736166219696 0.16955568421701636 0.17993924824301991 0.19084967638722108
 0.20133597857292843 0.21215786850671939 0.22313158689325219 0.23406799867595907
 0.24529279801741413 0.25553503731699584 0.26666824291288893 0.27920770329472144
 0.29201262714823584 0.30577037115077632 0.31904505352245488 0.33196258657677247
 0.34530840083044201 0.35938452087863598 0.37514675442307149 0.38579395528052396
 0.39576774555640726 0.40582025506312197 0.41761715750704842 0.43026096049371726
 0.44384546969450328 0.45629287931394275 0.46810382251340987 0.48010821467636483
 0.49196638506319457 0.50393257162699423 0.51543239669646879 0.52657614803228681
 0.53872098620023623 0.55204063071835818 0.56593768163418579 0.57978549926634049
 0.59309018799958424 0.60602345279376879 0.61857465561787839 0.63090793347250729
 0.64363961517779111 0.65720510367167129 0.67127573115513084 0.68481504968064677
 0.69710645187462128 0.70767103363693373 0.71701400655306424 0.72610258563865071
 0.73702316084457797 0.74909150922314560 0.75950162376054164 0.76901076303061511
 0.77744204773844916 0.78653918350461216 0.79771928141673609 0.81009218503885383
 0.82232413014088201 0.83398380273939277 0.84469293082688812 0.85498888749817892
 0.86576296832497246 0.87679113861485491 0.88658965985513893 0.89524607666406841
 0.90446043106945384 0.91392600750326658 0.92467630223619590 0.93536740196740775
 0.94452670052369003 0.95250673679463249 0.95975117909158547 0.96723859121445199
 0.97495159789557007 0.98291158649353294 0.99160361371678019 1.00000000000000000
-0.97916666666666663-0.95833333333333337-0.93750000000000000-0.91666666666666663
-0.89583333333333337-0.87500000000000000-0.85416666666666663-0.83333333333333337
-0.81250000000000000-0.79166666666666663-0.77083333333333337-0.75000000000000000
-0.72916666666666674-0.70833333333333326-0.68750000000000000-0.66666666666666674
-0.64583333333333326-0.62500000000000000-0.60416666666666674-0.58333333333333326
-0.56250000000000000-0.54166666666666674-0.52083333333333326-0.50000000000000000
-0.47916666666666663-0.45833333333333337-0.43750000000000000-0.41666666666666663
-0.39583333333333337-0.37500000000000000-0.35416666666666663-0.33333333333333337
-0.31250000000000000-0.29166666666666663-0.27083333333333337-0.25000000000000000
-0.22916666666666663-0.20833333333333337-0.18750000000000000-0.16666666666666663
-0.14583333333333337-0.12500000000000000-0.10416666666666663-0.08333333333333337
-0.06250000000000000-0.04166666666666663-0.02083333333333337 0.00000000000000000
 0.02083333333333326 0.04166666666666674 0.06250000000000000 0.08333333333333326
 0.10416666666666674 0.12500000000000000 0.14583333333333326 0.16666666666666674
 0.18750000000000000 0.20833333333333326 0.22916666666666674 0.25000000000000000
 0.27083333333333326 0.29166666666666674 0.31250000000000000 0.33333333333333326
 0.35416666666666674 0.37500000000000000 0.39583333333333326 0.41666666666666674
 0.43750000000000000 0.45833333333333326 0.47916666666666674 0.50000000000000000
 0.52083333333333326 0.54166666666666674 0.56250000000000000 0.58333333333333326
 0.60416666666666674 0.62500000000000000 0.64583333333333326 0.66666666666666674
 0.68750000000000000 0.70833333333333326 0.72916666666666674 0.75000000000000000
 0.77083333333333326 0.79166666666666674 0.81250000000000000 0.83333333333333326
 0.85416666666666674 0.87500000000000000 0.89583333333333326 0.91666666666666674
 0.93750000000000000 0.95833333333333326 0.97916666666666674 1.00000000000000000
-0.97916666666666663-0.95833333333333337-0.93750000000000000-0.91666666666666663
-0.89583333333333337-0.87500000000000000-0.85416666666666663-0.83333333333333337
-0.81250000000000000-0.79166666666666663-0.77083333333333337-0.75000000000000000
-0.72916666666666674-0.70833333333333326-0.68750000000000000-0.66666666666666674
-0.64583333333333326-0.62500000000000000-0.60416666666666674-0.58333333333333326
-0.56250000000000000-0.54166666666666674-0.52083333333333326-0.50000000000000000
-0.47916666666666663-0.45833333333333337-0.43750000000000000-0.41666666666666663
-0.39583333333333337-0.37500000000000000-0.35416666666666663-0.33333333333333337
-0.31250000000000000-0.29166666666666663-0.27083333333333337-0.25000000000000000
-0.22916666666666663-0.20833333333333337-0.18750000000000000-0.16666666666666663
-0.14583333333333337-0.12500000000000000-0.10416666666666663-0.08333333333333337
-0.06250000000000000-0.04166666666666663-0.02083333333333337 0.00000000000000000
 0.02083333333333326 0.04166666666666674 0.06250000000000000 0.08333333333333326
 0.10416666666666674 0.12500000000000000 0.14583333333333326 0.16666666666666674
 0.18750000000000000 0.20833333333333326 0.22916666666666674 0.25000000000000000
 0.27083333333333326 0.29166666666666674 0.31250000000000000 0.33333333333333326
 0.35416666666666674 0.37500000000000000 0.39583333333333326 0.41666666666666674
 0.43750000000000000 0.45833333333333326 0.47916666666666674 0.50000000000000000
 0.52083333333333326 0.54166666666666674 0.56250000000000000 0.58333333333333326
 0.60416666666666674 0.62500000000000000 0.64583333333333326 0.66666666666666674
 0.68750000000000000 0.70833333333333326 0.72916666666666674 0.75000000000000000
 0.77083333333333326 0.79166666666666674 0.81250000000000000 0.83333333333333326
 0.85416666666666674 0.87500000000000000 0.89583333333333326 0.91666666666666674
 0.93750000000000000 0.95833333333333326 0.97916666666666674 1.00000000000000000
-0.97916666666666663-0.95833333333333337-0.93750000000000000-0.91666666666666663
-0.89583333333333337-0.87500000000000000-0.85416666666666663-0.83333333333333337
-0.81250000000000000-0.79166666666666663-0.77083333333333337-0.75000000000000000
-0.72916666666666674-0.70833333333333326-0.68750000000000000-0.66666666666666674
-0.64583333333333326-0.62500000000000000-0.60416666666666674-0.58333333333333326
-0.56250000000000000-0.54166666666666674-0.52083333333333326-0.50000000000000000
-0.47916666666666663-0.45833333333333337-0.43750000000000000-0.41666666666666663
-0.39583333333333337-0.37500000000000000-0.35416666666666663-0.33333333333333337
-0.31250000000000000-0.29166666666666663-0.27083333333333337-0.25000000000000000
-0.22916666666666663-0.20833333333333337-0.18750000000000000-0.16666666666666663
-0.14583333333333337-0.12500000000000000-0.10416666666666663-0.08333333333333337
-0.06250000000000000-0.04166666666666663-0.02083333333333337 0.00000000000000000
 0.02083333333333326 0.04166666666666674 0.06250000000000000 0.08333333333333326
 0.10416666666666674 0.12500000000000000 0.14583333333333326 0.16666666666666674
 0.18750000000000000 0.20833333333333326 0.22916666666666674 0.25000000000000000
 0.27083333333333326 0.29166666666666674 0.31250000000000000 0.33333333333333326
 0.35416666666666674 0.37500000000000000 0.39583333333333326 0.41666666666666674
 0.43750000000000000 0.45833333333333326 0.47916666666666674 0.50000000000000000
 0.52083333333333326 0.54166666666666674 0.56250000000000000 0.58333333333333326
 0.60416666666666674 0.62500000000000000 0.64583333333333326 0.66666666666666674
 0.68750000000000000 0.70833333333333326 0.72916666666666674 0.75000000000000000
 0.77083333333333326 0.79166666666666674 0.81250000000000000 0.83333333333333326
 0.85416666666666674 0.87500000000000000 0.89583333333333326 0.91666666666666674
 0.93750000000000000 0.95833333333333326 0.97916666666666674 1.00000000000000000
-0.97916666666666663-0.95833333333333337-0.93750000000000000-0.91666666666666663
-0.89583333333333337-0.87500000000000000-0.85416666666666663-0.83333333333333337
-0.81250000000000000-0.79166666666666663-0.77083333333333337-0.75000000000000000
-0.72916666666666674-0.70833333333333326-0.68750000000000000-0.66666666666666674
-0.64583333333333326-0.62500000000000000-0.60416666666666674-0.58333333333333326
-0.56250000000000000-0.54166666666666674-0.52083333333333326-0.50000000000000000
-0.47916666666666663-0.45833333333333337-0.43750000000000000-0.41666666666666663
-0.39583333333333337-0.37500000000000000-0.35416666666666663-0.33333333333333337
-0.31250000000000000-0.29166666666666663-0.27083333333333337-0.25000000000000000
-0.22916666666666663-0.20833333333333337-0.18750000000000000-0.16666666666666663
-0.14583333333333337-0.12500000000000000-0.10416666666666663-0.08333333333333337
-0.06250000000000000-0.04166666666666663-0.02083333333333337 0.00000000000000000
 0.02083333333333326 0.04166666666666674 0.06250000000000000 0.08333333333333326
 0.10416666666666674 0.12500000000000000 0.14583333333333326 0.16666666666666674
 0.18750000000000000 0.20833333333333326 0.22916666666666674 0.25000000000000000
 0.27083333333333326 0.29166666666666674 0.31250000000000000 0.33333333333333326
 0.35416666666666674 0.37500000000000000 0.39583333333333326 0.41666666666666674
 0.43750000000000000 0.45833333333333326 0.47916666666666674 0.50000000000000000
 0.52083333333333326 0.54166666666666674 0.56250000000000000 0.58333333333333326
 0.60416666666666674 0.62500000000000000 0.64583333333333326 0.66666666666666674
 0.68750000000000000 0.70833333333333326 0.72916666666666674 0.75000000000000000
 0.77083333333333326 0.79166666666666674 0.81250000000000000 0.83333333333333326
 0.85416666666666674 0.87500000000000000 0.89583333333333326 0.91666666666666674
 0.93750000000000000 0.95833333333333326 0.97916666666666674 1.00000000000000000
-0.97916666666666663-0.95833333333333337-0.93750000000000000-0.91666666666666663
-0.89583333333333337-0.87500000000000000-0.85416666666666663-0.83333333333333337
-0.81250000000000000-0.79166666666666663-0.77083333333333337-0.75000000000000000
-0.72916666666666674-0.70833333333333326-0.68750000000000000-0.66666666666666674
-0.64583333333333326-0.62500000000000000-0.60416666666666674-0.58333333333333326
-0.56250000000000000-0.54166666666666674-0.52083333333333326-0.50000000000000000
-0.47916666666666663-0.45833333333333337-0.43750000000000000-0.41666666666666663
-0.39583333333333337-0.37500000000000000-0.35416666666666663-0.33333333333333337
-0.31250000000000000-0.29166666666666663-0.27083333333333337-0.25000000000000000
-0.22916666666666663-0.20833333333333337-0.18750000000000000-0.16666666666666663
-0.14583333333333337-0.12500000000000000-0.10416666666666663-0.08333333333333337
-0.06250000000000000-0.04166666666666663-0.02083333333333337 0.00000000000000000
 0.02083333333333326 0.04166666666666674 0.06250000000000000 0.08333333333333326
 0.10416666666666674 0.12500000000000000 0.14583333333333326 0.16666666666666674
 0.18750000000000000 0.20833333333333326 0.22916666666666674 0.25000000000000000
 0.27083333333333326 0.29166666666666674 0.31250000000000000 0.33333333333333326
 0.35416666666666674 0.37500000000000000 0.39583333333333326 0.41666666666666674
 0.43750000000000000 0.45833333333333326 0.47916666666666674 0.50000000000000000
 0.52083333333333326 0.54166666666666674 0.56250000000000000 0.58333333333333326
 0.60416666666666674 0.62500000000000000 0.64583333333333326 0.66666666666666674
 0.68750000000000000 0.70833333333333326 0.72916666666666674 0.75000000000000000
 0.77083333333333326 0.79166666666666674 0.81250000000000000 0.83333333333333326
 0.85416666666666674 0.87500000000000000 0.89583333333333326 0.91666666666666674
 0.93750000000000000 0.95833333333333326 0.97916666666666674 1.00000000000000000
-0.97916666666666663-0.95833333333333337-0.93750000000000000-0.91666666666666663
-0.89583333333333337-0.87500000000000000-0.85416666666666663-0.83333333333333337
-0.81250000000000000-0.79166666666666663-0.77083333333333337-0.75000000000000000
-0.72916666666666674-0.70833333333333326-0.68750000000000000-0.66666666666666674
-0.64583333333333326-0.62500000000000000-0.60416666666666674-0.58333333333333326
-0.56250000000000000-0.54166666666666674-0.52083333333333326-0.50000000000000000
-0.47916666666666663-0.45833333333333337-0.43750000000000000-0.41666666666666663
-0.39583333333333337-0.37500000000000000-0.35416666666666663-0.33333333333333337
-0.31250000000000000-0.29166666666666663-0.27083333333333337-0.25000000000000000
-0.22916666666666663-0.20833333333333337-0.18750000000000000-0.16666666666666663
-0.14583333333333337-0.12500000000000000-0.10416666666666663-0.08333333333333337
-0.06250000000000000-0.04166666666666663-0.02083333333333337 0.00000000000000000
 0.02083333333333326 0.04166666666666674 0.06250000000000000 0.08333333333333326
 0.10416666666666674 0.12500000000000000 0.14583333333333326 0.16666666666666674
 0.18750000000000000 0.20833333333333326 0.22916666666666674 0.25000000000000000
 0.27083333333333326 0.29166666666666674 0.31250000000000000 0.33333333333333326
 0.35416666666666674 0.37500000000000000 0.39583333333333326 0.41666666666666674
 0.43750000000000000 0.45833333333333326 0.47916666666666674 0.50000000000000000
 0.52083333333333326 0.54166666666666674 0.56250000000000000 0.58333333333333326
 0.60416666666666674 0.62500000000000000 0.64583333333333326 0.66666666666666674
 0.68750000000000000 0.70833333333333326 0.72916666666666674 0.75000000000000000
 0.77083333333333326 0.79166666666666674 0.81250000000000000 0.83333333333333326
 0.85416666666666674 0.87500000000000000 0.89583333333333326 0.91666666666666674
 0.93750000000000000 0.95833333333333326 0.97916666666666674 1.00000000000000000
-0.97916666666666663-0.95833333333333337-0.93750000000000000-0.91666666666666663
-0.89583333333333337-0.87500000000000000-0.85416666666666663-0.83333333333333337
-0.81250000000000000-0.79166666666666663-0.77083333333333337-0.75000000000000000
-0.72916666666666674-0.70833333333333326-0.68750000000000000-0.66666666666666674
-0.64583333333333326-0.62500000000000000-0.60416666666666674-0.58333333333333326
-0.56250000000000000-0.54166666666666674-0.52083333333333326-0.50000000000000000
-0.47916666666666663-0.45833333333333337-0.43750000000000000-0.41666666666666663
-0.39583333333333337-0.37500000000000000-0.35416666666666663-0.33333333333333337
-0.31250000000000000-0.29166666666666663-0.27083333333333337-0.25000000000000000
-0.22916666666666663-0.20833333333333337-0.18750000000000000-0.16666666666666663
-0.14583333333333337-0.12500000000000000-0.10416666666666663-0.08333333333333337
-0.06250000000000000-0.04166666666666663-0.02083333333333337 0.00000000000000000
 0.02083333333333326 0.04166666666666674 0.06250000000000000 0.08333333333333326
 0.10416666666666674 0.12500000000000000 0.14583333333333326 0.16666666666666674
 0.18750000000000000 0.20833333333333326 0.22916666666666674 0.25000000000000000
 0.27083333333333326 0.29166666666666674 0.31250000000000000 0.33333333333333326
 0.35416666666666674 0.37500000000000000 0.39583333333333326 0.41666666666666674
 0.43750000000000000 0.45833333333333326 0.47916666666666674 0.50000000000000000
 0.52083333333333326 0.54166666666666674 0.56250000000000000 0.58333333333333326
 0.60416666666666674 0.62500000000000000 0.64583333333333326 0.66666666666666674
 0.68750000000000000 0.70833333333333326 0.72916666666666674 0.75000000000000000
 0.77083333333333326 0.79166666666666674 0.81250000000000000 0.83333333333333326
 0.85416666666666674 0.87500000000000000 0.89583333333333326 0.91666666666666674
 0.93750000000000000 0.95833333333333326 0.97916666666666674 1.00000000000000000
-0.97916666666666663-0.95833333333333337-0.93750000000000000-0.91666666666666663
-0.89583333333333337-0.87500000000000000-0.85416666666666663-0.83333333333333337
-0.81250000000000000-0.79166666666666663-0.77083333333333337-0.75000000000000000
-0.72916666666666674-0.70833333333333326-0.68750000000000000-0.66666666666666674
-0.64583333333333326-0.62500000000000000-0.60416666666666674-0.58333333333333326
-0.56250000000000000-0.54166666666666674-0.52083333333333326-0.50000000000000000
-0.47916666666666663-0.45833333333333337-0.43750000000000000-0.41666666666666663
-0.39583333333333337-0.37500000000000000-0.35416666666666663-0.33333333333333337
-0.31250000000000000-0.29166666666666663-0.27083333333333337-0.25000000000000000
-0.22916666666666663-0.20833333333333337-0.18750000000000000-0.16666666666666663
-0.14583333333333337-0.12500000000000000-0.10416666666666663-0.08333333333333337
-0.06250000000000000-0.04166666666666663-0.02083333333333337 0.00000000000000000
 0.02083333333333326 0.04166666666666674 0.06250000000000000 0.08333333333333326
 0.10416666666666674 0.12500000000000000 0.14583333333333326 0.16666666666666674
 0.18750000000000000 0.20833333333333326 0.22916666666666674 0.25000000000000000
 0.27083333333333326 0.29166666666666674 0.31250000000000000 0.33333333333333326
 0.35416666666666674 0.37500000000000000 0.39583333333333326 0.41666666666666674
 0.43750000000000000 0.45833333333333326 0.47916666666666674 0.50000000000000000
 0.52083333333333326 0.54166666666666674 0.56250000000000000 0.58333333333333326
 0.60416666666666674 0.62500000000000000 0.64583333333333326 0.66666666666666674
 0.68750000000000000 0.70833333333333326 0.72916666666666674 0.75000000000000000
 0.77083333333333326 0.79166666666666674 0.81250000000000000 0.83333333333333326
 0.85416666666666674 0.87500000000000000 0.89583333333333326 0.91666666666666674
 0.93750000000000000 0.95833333333333326 0.97916666666666674 1.00000000000000000
-0.97916666666666663-0.95833333333333337-0.93750000000000000-0.91666666666666663
-0.89583333333333337-0.87500000000000000-0.85416666666666663-0.83333333333333337
-0.81250000000000000-0.79166666666666663-0.77083333333333337-0.75000000000000000
-0.72916666666666674-0.70833333333333326-0.68750000000000000-0.66666666666666674
-0.64583333333333326-0.62500000000000000-0.60416666666666674-0.58333333333333326
-0.56250000000000000-0.54166666666666674-0.52083333333333326-0.50000000000000000
-0.47916666666666663-0.45833333333333337-0.43750000000000000-0.41666666666666663
-0.39583333333333337-0.37500000000000000-0.35416666666666663-0.33333333333333337
-0.31250000000000000-0.29166666666666663-0.27083333333333337-0.25000000000000000
-0.22916666666666663-0.20833333333333337-0.18750000000000000-0.16666666666666663
-0.14583333333333337-0.12500000000000000-0.10416666666666663-0.08333333333333337
-0.06250000000000000-0.04166666666666663-0.02083333333333337 0.00000000000000000
 0.02083333333333326 0.04166666666666674 0.06250000000000000 0.08333333333333326
 0.10416666666666674 0.12500000000000000 0.14583333333333326 0.16666666666666674
 0.18750000000000000 0.20833333333333326 0.22916666666666674 0.25000000000000000
 0.27083333333333326 0.29166666666666674 0.31250000000000000 0.33333333333333326
 0.35416666666666674 0.37500000000000000 0.39583333333333326 0.41666666666666674
 0.43750000000000000 0.45833333333333326 0.47916666666666674 0.50000000000000000
 0.52083333333333326 0.54166666666666674 0.56250000000000000 0.58333333333333326
 0.60416666666666674 0.62500000000000000 0.64583333333333326 0.66666666666666674
 0.68750000000000000 0.70833333333333326 0.72916666666666674 0.75000000000000000
 0.77083333333333326 0.79166666666666674 0.81250000000000000 0.83333333333333326
 0.85416666666666674 0.87500000000000000 0.89583333333333326 0.91666666666666674
 0.93750000000000000 0.95833333333333326 0.97916666666666674 1.00000000000000000
-0.97916666666666663-0.95833333333333337-0.93750000000000000-0.91666666666666663
-0.89583333333333337-0.87500000000000000-0.85416666666666663-0.83333333333333337
-0.81250000000000000-0.79166666666666663-0.77083333333333337-0.75000000000000000
-0.72916666666666674-0.70833333333333326-0.68750000000000000-0.66666666666666674
-0.64583333333333326-0.62500000000000000-0.60416666666666674-0.58333333333333326
-0.56250000000000000-0.54166666666666674-0.52083333333333326-0.50000000000000000
-0.47916666666666663-0.45833333333333337-0.43750000000000000-0.41666666666666663
-0.39583333333333337-0.37500000000000000-0.35416666666666663-0.33333333333333337
-0.31250000000000000-0.29166666666666663-0.27083333333333337-0.25000000000000000
-0.22916666666666663-0.20833333333333337-0.18750000000000000-0.16666666666666663
-0.14583333333333337-0.12500000000000000-0.10416666666666663-0.08333333333333337
-0.06250000000000000-0.04166666666666663-0.02083333333333337 0.00000000000000000
 0.02083333333333326 0.04166666666666674 0.06250000000000000 0.08333333333333326
 0.10416666666666674 0.12500000000000000 0.14583333333333326 0.16666666666666674
 0.18750000000000000 0.20833333333333326 0.22916666666666674 0.25000000000000000
 0.27083333333333326 0.29166666666666674 0.31250000000000000 0.33333333333333326
 0.35416666666666674 0.37500000000000000 0.39583333333333326 0.41666666666666674
 0.43750000000000000 0.45833333333333326 0.47916666666666674 0.50000000000000000
 0.52083333333333326 0.54166666666666674 0.56250000000000000 0.58333333333333326
 0.60416666666666674 0.62500000000000000 0.64583333333333326 0.66666666666666674
 0.68750000000000000 0.70833333333333326 0.72916666666666674 0.75000000000000000
 0.77083333333333326 0.79166666666666674 0.81250000000000000 0.83333333333333326
 0.85416666666666674 0.87500000000000000 0.89583333333333326 0.91666666666666674
 0.93750000000000000 0.95833333333333326 0.97916666666666674 1.00000000000000000
-0.97916666666666663-0.95833333333333337-0.93750000000000000-0.91666666666666663
-0.89583333333333337-0.87500000000000000-0.85416666666666663-0.83333333333333337
-0.81250000000000000-0.79166666666666663-0.77083333333333337-0.75000000000000000
-0.72916666666666674-0.70833333333333326-0.68750000000000000-0.66666666666666674
-0.64583333333333326-0.62500000000000000-0.60416666666666674-0.58333333333333326
-0.56250000000000000-0.54166666666666674-0.52083333333333326-0.50000000000000000
-0.47916666666666663-0.45833333333333337-0.43750000000000000-0.41666666666666663
-0.39583333333333337-0.37500000000000000-0.35416666666666663-0.33333333333333337
-0.31250000000000000-0.29166666666666663-0.27083333333333337-0.25000000000000000
-0.22916666666666663-0.20833333333333337-0.18750000000000000-0.16666666666666663
-0.14583333333333337-0.12500000000000000-0.10416666666666663-0.08333333333333337
-0.06250000000000000-0.04166666666666663-0.02083333333333337 0.00000000000000000
 0.02083333333333326 0.04166666666666674 0.06250000000000000 0.08333333333333326
 0.10416666666666674 0.12500000000000000 0.14583333333333326 0.16666666666666674
 0.18750000000000000 0.20833333333333326 0.22916666666666674 0.25000000000000000
 0.27083333333333326 0.29166666666666674 0.31250000000000000 0.33333333333333326
 0.35416666666666674 0.37500000000000000 0.39583333333333326 0.41666666666666674
 0.43750000000000000 0.45833333333333326 0.47916666666666674 0.50000000000000000
 0.52083333333333326 0.54166666666666674 0.56250000000000000 0.58333333333333326
 0.60416666666666674 0.62500000000000000 0.64583333333333326 0.66666666666666674
 0.68750000000000000 0.70833333333333326 0.72916666666666674 0.75000000000000000
 0.77083333333333326 0.79166666666666674 0.81250000000000000 0.83333333333333326
 0.85416666666666674 0.87500000000000000 0.89583333333333326 0.91666666666666674
 0.93750000000000000 0.95833333333333326 0.97916666666666674 1.00000000000000000
-0.97916666666666663-0.95833333333333337-0.93750000000000000-0.91666666666666663
-0.89583333333333337-0.87500000000000000-0.85416666666666663-0.83333333333333337
-0.81250000000000000-0.79166666666666663-0.77083333333333337-0.75000000000000000
-0.72916666666666674-0.70833333333333326-0.68750000000000000-0.66666666666666674
-0.64583333333333326-0.62500000000000000-0.60416666666666674-0.58333333333333326
-0.56250000000000000-0.54166666666666674-0.52083333333333326-0.50000000000000000
-0.47916666666666663-0.45833333333333337-0.43750000000000000-0.41666666666666663
-0.39583333333333337-0.37500000000000000-0.35416666666666663-0.33333333333333337
-0.31250000000000000-0.29166666666666663-0.27083333333333337-0.25000000000000000
-0.22916666666666663-0.20833333333333337-0.18750000000000000-0.16666666666666663
-0.14583333333333337-0.12500000000000000-0.10416666666666663-0.08333333333333337
-0.06250000000000000-0.04166666666666663-0.02083333333333337 0.00000000000000000
 0.02083333333333326 0.04166666666666674 0.06250000000000000 0.08333333333333326
 0.10416666666666674 0.12500000000000000 0.14583333333333326 0.16666666666666674
 0.18750000000000000 0.20833333333333326 0.22916666666666674 0.25000000000000000
 0.27083333333333326 0.29166666666666674 0.31250000000000000 0.33333333333333326
 0.35416666666666674 0.37500000000000000 0.39583333333333326 0.41666666666666674
 0.43750000000000000 0.45833333333333326 0.47916666666666674 0.50000000000000000
 0.52083333333333326 0.54166666666666674 0.56250000000000000 0.58333333333333326
 0.60416666666666674 0.62500000000000000 0.64583333333333326 0.66666666666666674
 0.68750000000000000 0.70833333333333326 0.72916666666666674 0.75000000000000000
 0.77083333333333326 0.79166666666666674 0.81250000000000000 0.83333333333333326
 0.85416666666666674 0.87500000000000000 0.89583333333333326 0.91666666666666674
 0.93750000000000000 0.95833333333333326 0.97916666666666674 1.00000000000000000
-0.97916666666666663-0.95833333333333337-0.93750000000000000-0.91666666666666663
-0.89583333333333337-0.87500000000000000-0.85416666666666663-0.83333333333333337
-0.81250000000000000-0.79166666666666663-0.77083333333333337-0.75000000000000000
-0.72916666666666674-0.70833333333333326-0.68750000000000000-0.66666666666666674
-0.64583333333333326-0.62500000000000000-0.60416666666666674-0.58333333333333326
-0.56250000000000000-0.54166666666666674-0.52083333333333326-0.50000000000000000
-0.47916666666666663-0.45833333333333337-0.43750000000000000-0.41666666666666663
-0.39583333333333337-0.37500000000000000-0.35416666666666663-0.33333333333333337
-0.31250000000000000-0.29166666666666663-0.27083333333333337-0.25000000000000000
-0.22916666666666663-0.20833333333333337-0.18750000000000000-0.16666666666666663
-0.14583333333333337-0.12500000000000000-0.10416666666666663-0.08333333333333337
-0.06250000000000000-0.04166666666666663-0.02083333333333337 0.00000000000000000
 0.02083333333333326 0.04166666666666674 0.06250000000000000 0.08333333333333326
 0.10416666666666674 0.12500000000000000 0.14583333333333326 0.16666666666666674
 0.18750000000000000 0.20833333333333326 0.22916666666666674 0.25000000000000000
 0.27083333333333326 0.29166666666666674 0.31250000000000000 0.33333333333333326
 0.35416666666666674 0.37500000000000000 0.39583333333333326 0.41666666666666674
 0.43750000000000000 0.45833333333333326 0.47916666666666674 0.50000000000000000
 0.52083333333333326 0.54166666666666674 0.56250000000000000 0.58333333333333326
 0.60416666666666674 0.62500000000000000 0.64583333333333326 0.66666666666666674
 0.68750000000000000 0.70833333333333326 0.72916666666666674 0.75000000000000000
 0.77083333333333326 0.79166666666666674 0.81250000000000000 0.83333333333333326
 0.85416666666666674 0.87500000000000000 0.89583333333333326 0.91666666666666674
 0.93750000000000000 0.95833333333333326 0.97916666666666674 1.00000000000000000
-0.97916666666666663-0.95833333333333337-0.93750000000000000-0.91666666666666663
-0.89583333333333337-0.87500000000000000-0.85416666666666663-0.83333333333333337
-0.81250000000000000-0.79166666666666663-0.77083333333333337-0.75000000000000000
-0.72916666666666674-0.70833333333333326-0.68750000000000000-0.66666666666666674
-0.64583333333333326-0.62500000000000000-0.60416666666666674-0.58333333333333326
-0.56250000000000000-0.54166666666666674-0.52083333333333326-0.50000000000000000
-0.47916666666666663-0.45833333333333337-0.43750000000000000-0.41666666666666663
-0.39583333333333337-0.37500000000000000-0.35416666666666663-0.33333333333333337
-0.31250000000000000-0.29166666666666663-0.27083333333333337-0.25000000000000000
-0.22916666666666663-0.20833333333333337-0.18750000000000000-0.16666666666666663
-0.14583333333333337-0.12500000000000000-0.10416666666666663-0.08333333333333337
-0.06250000000000000-0.04166666666666663-0.02083333333333337 0.00000000000000000
 0.02083333333333326 0.04166666666666674 0.06250000000000000 0.08333333333333326
 0.10416666666666674 0.12500000000000000 0.14583333333333326 0.16666666666666674
 0.18750000000000000 0.20833333333333326 0.22916666666666674 0.25000000000000000
 0.27083333333333326 0.29166666666666674 0.31250000000000000 0.33333333333333326
 0.35416666666666674 0.37500000000000000 0.39583333333333326 0.41666666666666674
 0.43750000000000000 0.45833333333333326 0.47916666666666674 0.50000000000000000
 0.52083333333333326 0.54166666666666674 0.56250000000000000 0.58333333333333326
 0.60416666666666674 0.62500000000000000 0.64583333333333326 0.66666666666666674
 0.68750000000000000 0.70833333333333326 0.72916666666666674 0.75000000000000000
 0.77083333333333326 0.79166666666666674 0.81250000000000000 0.83333333333333326
 0.85416666666666674 0.87500000000000000 0.89583333333333326 0.91666666666666674
 0.93750000000000000 0.95833333333333326 0.97916666666666674 1.00000000000000000
-0.97916666666666663-0.95833333333333337-0.93750000000000000-0.91666666666666663
-0.89583333333333337-0.87500000000000000-0.85416666666666663-0.83333333333333337
-0.81250000000000000-0.79166666666666663-0.77083333333333337-0.75000000000000000
-0.72916666666666674-0.70833333333333326-0.68750000000000000-0.66666666666666674
-0.64583333333333326-0.62500000000000000-0.60416666666666674-0.58333333333333326
-0.56250000000000000-0.54166666666666674-0.52083333333333326-0.50000000000000000
-0.47916666666666663-0.45833333333333337-0.43750000000000000-0.41666666666666663
-0.39583333333333337-0.37500000000000000-0.35416666666666663-0.33333333333333337
-0.31250000000000000-0.29166666666666663-0.27083333333333337-0.25000000000000000
-0.22916666666666663-0.20833333333333337-0.18750000000000000-0.16666666666666663
-0.14583333333333337-0.12500000000000000-0.10416666666666663-0.08333333333333337
-0.06250000000000000-0.04166666666666663-0.02083333333333337 0.00000000000000000
 0.02083333333333326 0.04166666666666674 0.06250000000000000 0.08333333333333326
 0.10416666666666674 0.12500000000000000 0.14583333333333326 0.16666666666666674
 0.18750000000000000 0.20833333333333326 0.22916666666666674 0.25000000000000000
 0.27083333333333326 0.29166666666666674 0.31250000000000000 0.33333333333333326
 0.35416666666666674 0.37500000000000000 0.39583333333333326 0.41666666666666674
 0.43750000000000000 0.45833333333333326 0.47916666666666674 0.50000000000000000
 0.52083333333333326 0.54166666666666674 0.56250000000000000 0.58333333333333326
 0.60416666666666674 0.62500000000000000 0.64583333333333326 0.66666666666666674
 0.68750000000000000 0.70833333333333326 0.72916666666666674 0.75000000000000000
 0.77083333333333326 0.79166666666666674 0.81250000000000000 0.83333333333333326
 0.85416666666666674 0.87500000000000000 0.89583333333333326 0.91666666666666674
 0.93750000000000000 0.95833333333333326 0.97916666666666674 1.00000000000000000
 1.00000000000000000 0.00000000000000000 0.00000000000000000 0.00000000000000000
 0.00000000000000000 0.00000000000000000 0.00000000000000000 0.00000000000000000
 0.00000000000000000 0.00000000000000000
