0.99099E+06 0.64697E+04 0.00000E+01 90003 0 0 4457 0.45000E-02 0.00000E+01 0.99099E+06
1 980110.0 34860.0 2.2495 56739000.0 980110.0
2 1003400.0 18721.0 1.6688 25067000.0 1003400.0
3 998980.0 11728.0 1.485 19564000.0 998980.0
4 1036100.0 37304.0 2.277 43485000.0 1036100.0
5 975370.0 17317.0 1.588 27292000.0 975370.0
6 1003300.0 12135.0 1.53 29615000.0 1003300.0
7 960720.0 30731.0 2.023 35833000.0 960720.0
8 951190.0 17873.0 1.6807 31756000.0 951190.0
9 989180.0 11715.0 1.4981 25281000.0 989180.0
