<<<<<<< HEAD
0.24187E+10 0.10855E+07 0.63993E+06 8140026 0 0 475034 0.19637E-03 0.00000E+01 0.24187E+10
1 2458200000.0 21130000.0 3.0753 186900000000.0 2458200000.0
2 2427700000.0 14771000.0 3.0786 190220000000.0 2427700000.0
3 2421000000.0 10412000.0 3.0772 198970000000.0 2421000000.0
4 2386500000.0 20516000.0 3.0756 221750000000.0 2386500000.0
5 2414000000.0 14673000.0 3.0755 179360000000.0 2414000000.0
6 2406900000.0 10386000.0 3.0877 208600000000.0 2406900000.0
7 2423800000.0 15247000.0 1.1253 68857000000.0 2423800000.0
8 2412400000.0 10537000.0 1.105 60522000000.0 2412400000.0
9 2408000000.0 7347900.0 1.0917 48233000000.0 2408000000.0
10 2413900000.0 15260000.0 1.1309 55859000000.0 2413900000.0
11 2418800000.0 10504000.0 1.0986 60016000000.0 2418800000.0
12 2422500000.0 7862100.0 1.1611 281820000000.0 2422500000.0
13 2419600000.0 15406000.0 1.139 82486000000.0 2419600000.0
14 2433200000.0 10547000.0 1.0966 44806000000.0 2433200000.0
15 2423900000.0 7704700.0 1.1372 222500000000.0 2423900000.0
16 2436100000.0 15223000.0 1.1179 55933000000.0 2436100000.0
17 2425600000.0 10552000.0 1.1006 88098000000.0 2425600000.0
18 2429700000.0 7567400.0 1.1143 126940000000.0 2429700000.0
19 2415900000.0 15211000.0 1.1263 77348000000.0 2415900000.0
20 2406100000.0 10374000.0 1.0908 51797000000.0 2406100000.0
21 2422700000.0 7509700.0 1.109 72253000000.0 2422700000.0
22 2401500000.0 14883000.0 1.1086 49118000000.0 2401500000.0
23 2423200000.0 10510000.0 1.0972 65927000000.0 2423200000.0
24 2420100000.0 8251800.0 1.2199 381280000000.0 2420100000.0
25 2409500000.0 15054000.0 1.1177 29697000000.0 2409500000.0
26 2428900000.0 10577000.0 1.1016 58419000000.0 2428900000.0
27 2414200000.0 7413800.0 1.0987 91659000000.0 2414200000.0
28 2404300000.0 15183000.0 1.1297 51446000000.0 2404300000.0
29 2420700000.0 10685000.0 1.1166 89361000000.0 2420700000.0
30 2418100000.0 7707800.0 1.1404 264630000000.0 2418100000.0
31 2423200000.0 14971000.0 1.1052 47568000000.0 2423200000.0
32 2413700000.0 10395000.0 1.0895 54381000000.0 2413700000.0
33 2425300000.0 7490000.0 1.1049 86179000000.0 2425300000.0
34 2404300000.0 14954000.0 1.1126 38114000000.0 2404300000.0
35 2411600000.0 10524000.0 1.104 94699000000.0 2411600000.0
36 2415300000.0 7397300.0 1.0957 63720000000.0 2415300000.0
37 2434900000.0 16268000.0 1.1952 196470000000.0 2434900000.0
38 2430000000.0 10601000.0 1.1036 70122000000.0 2430000000.0
39 2438400000.0 7696700.0 1.1293 156780000000.0 2438400000.0
40 2422800000.0 15070000.0 1.1127 35294000000.0 2422800000.0
41 2420300000.0 10612000.0 1.1093 79926000000.0 2420300000.0
42 2431600000.0 7847700.0 1.1547 264800000000.0 2431600000.0
43 2382000000.0 14795000.0 1.1111 32324000000.0 2382000000.0
44 2410100000.0 10378000.0 1.0894 48891000000.0 2410100000.0
45 2405600000.0 7680100.0 1.1422 235290000000.0 2405600000.0
46 2414700000.0 15117000.0 1.1199 50150000000.0 2414700000.0
47 2424700000.0 10792000.0 1.1259 161530000000.0 2424700000.0
48 2426900000.0 7451500.0 1.0985 79838000000.0 2426900000.0
49 2415500000.0 15210000.0 1.1264 67666000000.0 2415500000.0
50 2418700000.0 10489000.0 1.0971 40811000000.0 2418700000.0
51 2405500000.0 7341200.0 1.0919 75701000000.0 2405500000.0
52 2404100000.0 15082000.0 1.1223 45131000000.0 2404100000.0
53 2421400000.0 10540000.0 1.1012 63523000000.0 2421400000.0
54 2427200000.0 7559000.0 1.1142 137130000000.0 2427200000.0
55 2433800000.0 15033000.0 1.1049 41808000000.0 2433800000.0
56 2433100000.0 10749000.0 1.1177 86988000000.0 2433100000.0
57 2425100000.0 8028100.0 1.1844 316410000000.0 2425100000.0
58 2419200000.0 15442000.0 1.1419 94463000000.0 2419200000.0
59 2413500000.0 10390000.0 1.0891 43214000000.0 2413500000.0
60 2412000000.0 7435900.0 1.1029 80537000000.0 2412000000.0
61 2407900000.0 15055000.0 1.1184 56241000000.0 2407900000.0
62 2406900000.0 10454000.0 1.0987 56149000000.0 2406900000.0
63 2411500000.0 7433300.0 1.1028 141960000000.0 2411500000.0
64 2406500000.0 14984000.0 1.1138 50939000000.0 2406500000.0
65 2418200000.0 10936000.0 1.1441 123800000000.0 2418200000.0
66 2422100000.0 7682300.0 1.1347 210900000000.0 2422100000.0
67 2415600000.0 15069000.0 1.1159 37903000000.0 2415600000.0
68 2406600000.0 10437000.0 1.0972 47712000000.0 2406600000.0
69 2423800000.0 8018100.0 1.1835 366100000000.0 2423800000.0
70 2427200000.0 14959000.0 1.1025 47496000000.0 2427200000.0
71 2415700000.0 10552000.0 1.105 70217000000.0 2415700000.0
72 2420800000.0 7542000.0 1.1146 168650000000.0 2420800000.0
73 2396800000.0 14939000.0 1.115 43329000000.0 2396800000.0
74 2415900000.0 10567000.0 1.1065 68385000000.0 2415900000.0
75 2421200000.0 7443300.0 1.0999 100040000000.0 2421200000.0
76 2411400000.0 15115000.0 1.1212 38953000000.0 2411400000.0
77 2413300000.0 10636000.0 1.115 132660000000.0 2413300000.0
78 2415600000.0 7460000.0 1.1049 79753000000.0 2415600000.0
=======
0.36082E+39 0.67514E+35 0.33305E+40 17062017 0 0 62 0.68889E-31 0.00000E+01 0.36082E+39
1 1.6508e+33 5.9847e+32 183.42 1.2499e+38 1.6508e+33
2 6.4764e+34 5.2599e+34 581.14 2.6846e+40 6.4764e+34
3 8.6641e+33 3.2692e+33 381.82 2.3896e+39 8.6641e+33
4 1.1879e+33 4.8757e+32 25.958 1.6392e+36 1.1879e+33
5 1.3838e+33 5.1507e+32 33.292 2.5219e+36 1.3838e+33
6 1.1298e+34 9.6456e+33 107.99 1.5389e+38 1.1298e+34
7 2.5077e+33 1.3972e+33 24.916 2.5674e+36 2.5077e+33
8 5.8388e+33 3.7929e+33 41.084 1.4581e+37 5.8388e+33
9 1.8025e+33 6.2793e+32 31.159 2.8509e+36 1.8025e+33
10 3.3774e+35 2.7515e+35 206.1 1.7409e+40 3.3774e+35
11 1.4092e+35 5.8243e+34 147.87 5.3898e+39 1.4092e+35
12 2.877e+35 2.5019e+35 440.0 6.4005e+40 2.877e+35
13 4.5975e+36 4.5893e+36 505.06 1.1749e+42 4.5975e+36
14 3.4853e+35 3.2277e+35 662.66 1.652e+41 3.4853e+35
15 1.0056e+36 9.6521e+35 971.34 9.8822e+41 1.0056e+36
16 1.9923e+32 9.9301e+31 44.581 6.4822e+35 1.9923e+32
17 3.1351e+32 1.2435e+32 50.17 1.4138e+36 3.1351e+32
18 8.3539e+32 5.3084e+32 113.67 1.6512e+37 8.3539e+32
19 4.4358e+38 3.5755e+38 407.83 8.9738e+43 4.4358e+38
20 3.1225e+40 3.1161e+40 714.08 1.5955e+46 3.1225e+40
21 2.2247e+39 2.0657e+39 939.6 2.1133e+45 2.2247e+39
22 2.2414e+34 1.3196e+34 105.32 3.501e+38 2.2414e+34
23 3.6686e+34 2.681e+34 184.88 1.6883e+39 3.6686e+34
24 4.2622e+34 1.4935e+34 125.37 9.9202e+38 4.2622e+34
25 5.2417e+32 3.4055e+32 58.111 2.6362e+36 5.2417e+32
26 7.0379e+32 3.818e+32 68.62 4.8132e+36 7.0379e+32
27 3.4444e+33 3.2953e+33 171.15 1.0544e+38 3.4444e+33
28 6.7269e+34 4.509e+34 339.15 1.1371e+40 6.7269e+34
29 2.6216e+36 2.5585e+36 698.32 1.3099e+42 2.6216e+36
30 1.266e+36 6.1656e+35 492.81 4.6947e+41 1.266e+36
31 3.5557e+35 2.5237e+35 126.96 7.7892e+39 3.5557e+35
32 4.4118e+34 1.7981e+34 103.11 7.9655e+38 4.4118e+34
33 6.0342e+34 3.3985e+34 201.5 4.2735e+39 6.0342e+34
34 3.759e+35 2.0088e+35 135.19 9.0683e+39 3.759e+35
35 3.9106e+36 3.5703e+36 326.63 4.5588e+41 3.9106e+36
36 4.4054e+35 1.7426e+35 200.14 2.8696e+40 4.4054e+35
37 7.8621e+34 6.0772e+34 48.888 2.3902e+38 7.8621e+34
38 9.0632e+35 8.9709e+35 88.532 7.1766e+39 9.0632e+35
39 1.9052e+35 1.6387e+35 108.8 2.6163e+39 1.9052e+35
40 6.5574e+32 5.9716e+32 57.595 2.3866e+36 6.5574e+32
41 1.3147e+32 8.6909e+31 59.128 6.8189e+35 1.3147e+32
42 3.0662e+32 1.2263e+32 50.588 1.2444e+36 3.0662e+32
43 2.7943e+35 1.8875e+35 60.417 1.4611e+39 2.7943e+35
44 3.5862e+35 1.8438e+35 65.035 2.2191e+39 3.5862e+35
45 9.9233e+35 4.9203e+35 88.698 1.3748e+40 9.9233e+35
46 2.641e+31 2.494e+31 119.45 3.9881e+35 2.641e+31
47 1.0076e+31 6.9084e+30 122.65 1.9763e+35 1.0076e+31
48 4.199e+31 2.9411e+31 177.2 1.8472e+36 4.199e+31
49 6.8929e+34 4.4485e+34 115.45 1.3932e+39 6.8929e+34
50 2.2688e+35 1.7897e+35 199.56 1.1428e+40 2.2688e+35
51 3.4313e+35 1.8567e+35 193.6 1.6732e+40 3.4313e+35
52 1.9162e+33 8.5127e+32 19.867 1.4253e+36 1.9162e+33
53 2.7374e+33 1.2979e+33 29.988 4.6639e+36 2.7374e+33
54 1.0751e+34 5.9852e+33 49.793 4.5134e+37 1.0751e+34
55 1.0994e+34 9.863e+33 40.122 1.9673e+37 1.0994e+34
56 4.4961e+34 3.1224e+34 43.922 1.193e+38 4.4961e+34
57 1.0413e+34 5.8961e+33 50.644 3.6363e+37 1.0413e+34
58 5.464e+32 5.0366e+32 164.89 1.6069e+37 5.464e+32
59 9.617e+32 6.0847e+32 160.06 3.5394e+37 9.617e+32
60 3.3237e+33 2.2035e+33 237.19 2.3881e+38 3.3237e+33
61 8.6159e+36 8.3975e+36 348.7 1.0747e+42 8.6159e+36
62 9.2606e+35 7.577e+35 413.98 1.9348e+41 9.2606e+35
63 1.2347e+36 5.7612e+35 333.88 2.1812e+41 1.2347e+36
64 5.7831e+35 4.1929e+35 518.8 2.0466e+41 5.7831e+35
65 1.0878e+35 7.1328e+34 663.54 7.155e+40 1.0878e+35
66 1.9734e+37 1.3756e+37 498.78 6.1763e+42 1.9734e+37
67 1.8974e+37 8.8422e+36 235.78 1.909e+42 1.8974e+37
68 6.903e+36 2.0263e+36 210.04 7.2935e+41 6.903e+36
69 6.9394e+37 4.0916e+37 596.64 3.881e+43 6.9394e+37
70 3.3127e+33 2.7972e+33 151.05 8.9196e+37 3.3127e+33
71 3.6821e+33 3.54e+33 243.22 2.2655e+38 3.6821e+33
72 6.1468e+32 2.0124e+32 117.13 1.9809e+37 6.1468e+32
73 3.1863e+33 1.838e+33 206.37 2.1669e+38 3.1863e+33
74 6.1257e+33 3.6054e+33 297.8 8.9215e+38 6.1257e+33
75 9.1989e+33 4.9153e+33 382.34 2.0352e+39 9.1989e+33
76 5.8682e+33 2.7375e+33 41.724 1.5661e+37 5.8682e+33
77 2.1416e+34 1.5305e+34 90.397 2.412e+38 2.1416e+34
78 1.5115e+34 6.3073e+33 74.646 1.6158e+38 1.5115e+34
>>>>>>> 911b5ec345c81b054214c521136984e9d6306827
