-0.00000003865365447-0.00000000502226285 0.00000002860912876 0.00000006224052038
 0.00000012228753470 0.00000019075813879 0.00000026787477120 0.00000044133447057
 0.00000068282453548 0.00000092722342431 0.00000160790806757 0.00000274024214601
 0.00000416801262788 0.00000575875403997 0.00000793718664595 0.00001137236175302
 0.00001595252912212 0.00002173683171359 0.00002904265937138 0.00003703373448817
 0.00004679279521222 0.00005950775778062 0.00007897748078568 0.00010348535740967
 0.00013272622965195 0.00016749864338522 0.00020824539468940 0.00025447480216647
 0.00030572601966502 0.00036192219639295 0.00042317914621581 0.00048921615056694
 0.00055886134163289 0.00064939855894873 0.00076846031602385 0.00090927259114185
 0.00107304675083085 0.00125994730064758 0.00147373550616431 0.00172220473066181
 0.00201064204258294 0.00233898659264163 0.00270893548795930 0.00312725405225166
 0.00359652431952160 0.00412058603440347 0.00473799059881226 0.00547333112361969
 0.00631907464887097 0.00728166747767843 0.00837902799187767 0.00961127140232463
 0.01096597433959692 0.01245356485872939 0.01405605923758726 0.01578685899117381
 0.01782560504978433 0.02004257367071232 0.02212787621058265 0.02421048465560497
 0.02682238409516762 0.03038720711597248 0.03432238429113964 0.03856456550685823
 0.04332372704149712 0.04852277310183770 0.05420480957719278 0.06014117207736650
 0.06678134319340838 0.07414346129273416 0.08186473048001261 0.08999757920436563
 0.09876130454263612 0.10806200722818739 0.11852613015732963 0.13077663808289827
 0.14392133658817405 0.15713385694786672 0.17139702626014941 0.18793663521604581
 0.20538034766452631 0.22479723133166282 0.24678570826868054 0.27166738540663593
 0.29998049741931010 0.32923242377008144 0.36346752007277172 0.40336711871583986
 0.44642620827594875 0.49616922936680291 0.55215338709415618 0.60801267856329744
 0.66876464499762800 0.73933820177227383 0.82756674243219153 1.00000000000000000
-0.00005341348762718-0.00005307414165026-0.00005273307739385-0.00005229209597274
-0.00005178745668953-0.00005108213713439-0.00005030033314418-0.00004901123697723
-0.00004747627715969-0.00004558060376837-0.00004274489547746-0.00003833065519767
-0.00003293256215630-0.00002673076891588-0.00001728584390203-0.00000466939962296
 0.00000964613161395 0.00002459811119598 0.00004059671554188 0.00005905447898248
 0.00008046672956632 0.00010514784352712 0.00013451685059636 0.00016740749534040
 0.00020360577396571 0.00024154559924516 0.00028117879340300 0.00032531972576129
 0.00037562337862479 0.00043504016732558 0.00051615632261578 0.00060956912788361
 0.00071324270533851 0.00082125415329550 0.00093583266646696 0.00106062235755562
 0.00118657882220157 0.00131682338359434 0.00146313474136771 0.00163593037456668
 0.00179202270265059 0.00192736188342923 0.00207902876522476 0.00224083810412900
 0.00243437105939028 0.00271144842426335 0.00300522179990951 0.00337598549530094
 0.00381956261991924 0.00428584889854229 0.00481182266433125 0.00543618690205666
 0.00617178394834517 0.00700693106024270 0.00797807027932108 0.00912548684089317
 0.01041119118034653 0.01174632751576812 0.01310446752131766 0.01454560297567371
 0.01616374959462412 0.01781461132844267 0.01913780721288585 0.02096761496724697
 0.02364538471204112 0.02666942981715926 0.03011785110112055 0.03391562140065035
 0.03804757693439276 0.04243720449074370 0.04698181765990551 0.05185371137020412
 0.05723730926858375 0.06363880983185859 0.07174548373421549 0.07995633344840494
 0.08955303493123379 0.10114441982419300 0.11152711327309789 0.12292075198340269
 0.13863107892381740 0.15710386562304532 0.17879583967457302 0.20173408118073133
 0.22649818372414121 0.25427372252203762 0.28676903779790530 0.32373840674137394
 0.36868421900932952 0.41096736470512291 0.46880633477386613 0.54341462143712460
 0.60947298927088089 0.69402638610353540 0.80851048270632553 1.00000000000000000
-0.00222934939519637 0.00864887195961051 0.01962472125901025 0.02646442095883753
 0.03566764139956069 0.04519390334880332 0.05418951771653349 0.06240665471841000
 0.07198758763792168 0.08283648933724215 0.09433564254242295 0.10571732625327698
 0.11640827653453721 0.12670334685662069 0.13747762714235434 0.14880585734351170
 0.16009673762564805 0.17091117905650088 0.18092935023367940 0.19045434205438416
 0.19915576272937355 0.20793587585471773 0.21841365947367414 0.23043162937074399
 0.24245035283083194 0.25378588540312641 0.26524445279178027 0.27682910514864006
 0.28905007585719156 0.30088977030414543 0.31256980893766584 0.32414359324426240
 0.33593235402088412 0.34797807418714172 0.36022161334723962 0.37125688595130063
 0.38275716818898642 0.39453497526266279 0.40641479389543450 0.41981935276827537
 0.43278447567469736 0.44506277940212857 0.45712153385705701 0.46841898722149661
 0.47910376254146042 0.48980321302227747 0.50101095646047111 0.50867707114052074
 0.51600151122635984 0.52347500113400403 0.53096945002634033 0.53853193754774964
 0.54956012256828490 0.55931453077362725 0.56982231614922363 0.58038708937663508
 0.59071430366602729 0.60117801233307677 0.61186500825746681 0.62289810388026567
 0.63386761637685485 0.64519355674600298 0.65728693532095173 0.67014999786424323
 0.68347730952504815 0.69619728855989071 0.70802245303331612 0.71895525340987465
 0.73083681170260661 0.74222619804686307 0.75288376667581591 0.76242103117690296
 0.77121789005481489 0.78082234030258502 0.79245310908986655 0.80503989877582038
 0.81648144886223184 0.82586928291402939 0.83268875330567949 0.83648232584230853
 0.84268951237742451 0.85271801128752311 0.86387398123015502 0.87476698284876309
 0.88624930704414617 0.89734505644337592 0.90651582761266891 0.91335698163224655
 0.92117114877710760 0.93138948586024917 0.94279978940820464 0.95473463043685702
 0.96666677772060539 0.97828320026598448 0.98957461108520894 1.00000000000000000
 0.00019174279353006 0.00025100407717627 0.00033435809127454 0.00044900674053832
 0.00059839726406804 0.00078871523756605 0.00103428668762913 0.00134763192043054
 0.00173543866784608 0.00223157308379700 0.00288305262378580 0.00373601175777657
 0.00482040848579719 0.00625675592466175 0.00822397251329409 0.01078132215226758
 0.01400357618802828 0.01825204609379794 0.02405612761089031 0.03208162060767758
 0.04237017071814052 0.05650641218323148 0.07531891061470501 0.09588288443885978
 0.12231993025713755 0.16999535218334177 0.23556818061359122 0.30821514929777521
 0.38712288329952910 0.47298930292564001 0.55583926277907270 0.62685616203310701
 0.68689977830677373 0.73241413389516674 0.76987217961562437 0.80726919629434812
 0.83659346376929489 0.86305349952698707 0.88595369012897929 0.90415773273229905
 0.91862267564336275 0.93144062185461274 0.94265190981537350 0.95176816271644360
 0.95944333363320999 0.96615200971047466 0.97177165459224324 0.97656045974830141
 0.98054207019168738 0.98396048222551868 0.98676335695210571 0.98907178088094883
 0.99102407495867417 0.99266698192351799 0.99403015550402130 0.99514159494085730
 0.99602379417697406 0.99671736287398194 0.99728513156057286 0.99777229956796132
 0.99818887119503030 0.99854894769034308 0.99885476370322324 0.99907434963568031
 0.99921353832902038 0.99933086496140766 0.99943486184829866 0.99952565417582007
 0.99960433878513533 0.99966990038971992 0.99972478018483746 0.99977169105999364
 0.99981227766626446 0.99984747452066602 0.99987777541125145 0.99990325475511277
 0.99992246634850623 0.99993616098792515 0.99994800876834045 0.99995845796608318
 0.99996765543603972 0.99997543644859987 0.99998158821524996 0.99998500257780543
 0.99998808699019093 0.99999083977178449 0.99999340079263088 0.99999549772546559
 0.99999646860938862 0.99999730975451329 0.99999811922516146 0.99999885987216830
 0.99999914490412622 0.99999942993608415 0.99999971496804207 1.00000000000000000
-0.00096029203348108 0.00418759058849304 0.01069631104982648 0.01731476131107112
 0.02437977067125532 0.03258744313356499 0.04148361966597416 0.05083760778254497
 0.06027901225714555 0.06980055440263470 0.08022748844927781 0.09148151418029930
 0.10250560354774826 0.11333753130018601 0.12481169161766717 0.13678340034169620
 0.14782530545059913 0.15852402651026226 0.16900987213218149 0.17915829577320905
 0.18885876157911463 0.19849894691304965 0.20847009264084815 0.21913355797603176
 0.22796634397723106 0.23544692384072374 0.24193824816495901 0.24880523348621209
 0.25609909225355643 0.26727689868373367 0.27878235285645908 0.28999372976127463
 0.30107904368526683 0.31045032284701796 0.31990352237618458 0.32993759701604869
 0.34060229831103689 0.35292317469102735 0.36586703190227116 0.37870318766811878
 0.39242099904183209 0.40665146024494453 0.42052521663299658 0.43358012272929969
 0.44572047773741397 0.45696124751712042 0.46823709989480272 0.47930419368452937
 0.49102053848096006 0.50404543043378036 0.51801112773716995 0.53217650066003230
 0.54641540422046220 0.56062232584338900 0.57443360765731588 0.58770584469312936
 0.60041791742660489 0.61327092734877786 0.62609095576975426 0.63894903317533436
 0.65178248783689108 0.66367089467597573 0.67450294317091752 0.68362774940340176
 0.69322462017929443 0.70419568549407530 0.71743965410496713 0.73140688126044040
 0.74155503610092843 0.75118023551646029 0.76109107593508551 0.77057152387371586
 0.77915550841803538 0.78814949316224558 0.79891694827731041 0.81196783082477075
 0.82460781957687934 0.83623050680097566 0.84792580631125325 0.85890828650803153
 0.86928517175105080 0.87934065027723207 0.88864360240724738 0.89792208493497561
 0.90643136652906564 0.91440899162916001 0.92215529192889578 0.93087982518585710
 0.93888754838206001 0.94900146554174947 0.95802500700056770 0.96676010244443678
 0.97596341195378755 0.98532715477680521 0.99216598214060259 1.00000000000000000
-0.97916666666666663-0.95833333333333337-0.93750000000000000-0.91666666666666663
-0.89583333333333337-0.87500000000000000-0.85416666666666663-0.83333333333333337
-0.81250000000000000-0.79166666666666663-0.77083333333333337-0.75000000000000000
-0.72916666666666674-0.70833333333333326-0.68750000000000000-0.66666666666666674
-0.64583333333333326-0.62500000000000000-0.60416666666666674-0.58333333333333326
-0.56250000000000000-0.54166666666666674-0.52083333333333326-0.50000000000000000
-0.47916666666666663-0.45833333333333337-0.43750000000000000-0.41666666666666663
-0.39583333333333337-0.37500000000000000-0.35416666666666663-0.33333333333333337
-0.31250000000000000-0.29166666666666663-0.27083333333333337-0.25000000000000000
-0.22916666666666663-0.20833333333333337-0.18750000000000000-0.16666666666666663
-0.14583333333333337-0.12500000000000000-0.10416666666666663-0.08333333333333337
-0.06250000000000000-0.04166666666666663-0.02083333333333337 0.00000000000000000
 0.02083333333333326 0.04166666666666674 0.06250000000000000 0.08333333333333326
 0.10416666666666674 0.12500000000000000 0.14583333333333326 0.16666666666666674
 0.18750000000000000 0.20833333333333326 0.22916666666666674 0.25000000000000000
 0.27083333333333326 0.29166666666666674 0.31250000000000000 0.33333333333333326
 0.35416666666666674 0.37500000000000000 0.39583333333333326 0.41666666666666674
 0.43750000000000000 0.45833333333333326 0.47916666666666674 0.50000000000000000
 0.52083333333333326 0.54166666666666674 0.56250000000000000 0.58333333333333326
 0.60416666666666674 0.62500000000000000 0.64583333333333326 0.66666666666666674
 0.68750000000000000 0.70833333333333326 0.72916666666666674 0.75000000000000000
 0.77083333333333326 0.79166666666666674 0.81250000000000000 0.83333333333333326
 0.85416666666666674 0.87500000000000000 0.89583333333333326 0.91666666666666674
 0.93750000000000000 0.95833333333333326 0.97916666666666674 1.00000000000000000
-0.97916666666666663-0.95833333333333337-0.93750000000000000-0.91666666666666663
-0.89583333333333337-0.87500000000000000-0.85416666666666663-0.83333333333333337
-0.81250000000000000-0.79166666666666663-0.77083333333333337-0.75000000000000000
-0.72916666666666674-0.70833333333333326-0.68750000000000000-0.66666666666666674
-0.64583333333333326-0.62500000000000000-0.60416666666666674-0.58333333333333326
-0.56250000000000000-0.54166666666666674-0.52083333333333326-0.50000000000000000
-0.47916666666666663-0.45833333333333337-0.43750000000000000-0.41666666666666663
-0.39583333333333337-0.37500000000000000-0.35416666666666663-0.33333333333333337
-0.31250000000000000-0.29166666666666663-0.27083333333333337-0.25000000000000000
-0.22916666666666663-0.20833333333333337-0.18750000000000000-0.16666666666666663
-0.14583333333333337-0.12500000000000000-0.10416666666666663-0.08333333333333337
-0.06250000000000000-0.04166666666666663-0.02083333333333337 0.00000000000000000
 0.02083333333333326 0.04166666666666674 0.06250000000000000 0.08333333333333326
 0.10416666666666674 0.12500000000000000 0.14583333333333326 0.16666666666666674
 0.18750000000000000 0.20833333333333326 0.22916666666666674 0.25000000000000000
 0.27083333333333326 0.29166666666666674 0.31250000000000000 0.33333333333333326
 0.35416666666666674 0.37500000000000000 0.39583333333333326 0.41666666666666674
 0.43750000000000000 0.45833333333333326 0.47916666666666674 0.50000000000000000
 0.52083333333333326 0.54166666666666674 0.56250000000000000 0.58333333333333326
 0.60416666666666674 0.62500000000000000 0.64583333333333326 0.66666666666666674
 0.68750000000000000 0.70833333333333326 0.72916666666666674 0.75000000000000000
 0.77083333333333326 0.79166666666666674 0.81250000000000000 0.83333333333333326
 0.85416666666666674 0.87500000000000000 0.89583333333333326 0.91666666666666674
 0.93750000000000000 0.95833333333333326 0.97916666666666674 1.00000000000000000
-0.97916666666666663-0.95833333333333337-0.93750000000000000-0.91666666666666663
-0.89583333333333337-0.87500000000000000-0.85416666666666663-0.83333333333333337
-0.81250000000000000-0.79166666666666663-0.77083333333333337-0.75000000000000000
-0.72916666666666674-0.70833333333333326-0.68750000000000000-0.66666666666666674
-0.64583333333333326-0.62500000000000000-0.60416666666666674-0.58333333333333326
-0.56250000000000000-0.54166666666666674-0.52083333333333326-0.50000000000000000
-0.47916666666666663-0.45833333333333337-0.43750000000000000-0.41666666666666663
-0.39583333333333337-0.37500000000000000-0.35416666666666663-0.33333333333333337
-0.31250000000000000-0.29166666666666663-0.27083333333333337-0.25000000000000000
-0.22916666666666663-0.20833333333333337-0.18750000000000000-0.16666666666666663
-0.14583333333333337-0.12500000000000000-0.10416666666666663-0.08333333333333337
-0.06250000000000000-0.04166666666666663-0.02083333333333337 0.00000000000000000
 0.02083333333333326 0.04166666666666674 0.06250000000000000 0.08333333333333326
 0.10416666666666674 0.12500000000000000 0.14583333333333326 0.16666666666666674
 0.18750000000000000 0.20833333333333326 0.22916666666666674 0.25000000000000000
 0.27083333333333326 0.29166666666666674 0.31250000000000000 0.33333333333333326
 0.35416666666666674 0.37500000000000000 0.39583333333333326 0.41666666666666674
 0.43750000000000000 0.45833333333333326 0.47916666666666674 0.50000000000000000
 0.52083333333333326 0.54166666666666674 0.56250000000000000 0.58333333333333326
 0.60416666666666674 0.62500000000000000 0.64583333333333326 0.66666666666666674
 0.68750000000000000 0.70833333333333326 0.72916666666666674 0.75000000000000000
 0.77083333333333326 0.79166666666666674 0.81250000000000000 0.83333333333333326
 0.85416666666666674 0.87500000000000000 0.89583333333333326 0.91666666666666674
 0.93750000000000000 0.95833333333333326 0.97916666666666674 1.00000000000000000
-0.97916666666666663-0.95833333333333337-0.93750000000000000-0.91666666666666663
-0.89583333333333337-0.87500000000000000-0.85416666666666663-0.83333333333333337
-0.81250000000000000-0.79166666666666663-0.77083333333333337-0.75000000000000000
-0.72916666666666674-0.70833333333333326-0.68750000000000000-0.66666666666666674
-0.64583333333333326-0.62500000000000000-0.60416666666666674-0.58333333333333326
-0.56250000000000000-0.54166666666666674-0.52083333333333326-0.50000000000000000
-0.47916666666666663-0.45833333333333337-0.43750000000000000-0.41666666666666663
-0.39583333333333337-0.37500000000000000-0.35416666666666663-0.33333333333333337
-0.31250000000000000-0.29166666666666663-0.27083333333333337-0.25000000000000000
-0.22916666666666663-0.20833333333333337-0.18750000000000000-0.16666666666666663
-0.14583333333333337-0.12500000000000000-0.10416666666666663-0.08333333333333337
-0.06250000000000000-0.04166666666666663-0.02083333333333337 0.00000000000000000
 0.02083333333333326 0.04166666666666674 0.06250000000000000 0.08333333333333326
 0.10416666666666674 0.12500000000000000 0.14583333333333326 0.16666666666666674
 0.18750000000000000 0.20833333333333326 0.22916666666666674 0.25000000000000000
 0.27083333333333326 0.29166666666666674 0.31250000000000000 0.33333333333333326
 0.35416666666666674 0.37500000000000000 0.39583333333333326 0.41666666666666674
 0.43750000000000000 0.45833333333333326 0.47916666666666674 0.50000000000000000
 0.52083333333333326 0.54166666666666674 0.56250000000000000 0.58333333333333326
 0.60416666666666674 0.62500000000000000 0.64583333333333326 0.66666666666666674
 0.68750000000000000 0.70833333333333326 0.72916666666666674 0.75000000000000000
 0.77083333333333326 0.79166666666666674 0.81250000000000000 0.83333333333333326
 0.85416666666666674 0.87500000000000000 0.89583333333333326 0.91666666666666674
 0.93750000000000000 0.95833333333333326 0.97916666666666674 1.00000000000000000
-0.97916666666666663-0.95833333333333337-0.93750000000000000-0.91666666666666663
-0.89583333333333337-0.87500000000000000-0.85416666666666663-0.83333333333333337
-0.81250000000000000-0.79166666666666663-0.77083333333333337-0.75000000000000000
-0.72916666666666674-0.70833333333333326-0.68750000000000000-0.66666666666666674
-0.64583333333333326-0.62500000000000000-0.60416666666666674-0.58333333333333326
-0.56250000000000000-0.54166666666666674-0.52083333333333326-0.50000000000000000
-0.47916666666666663-0.45833333333333337-0.43750000000000000-0.41666666666666663
-0.39583333333333337-0.37500000000000000-0.35416666666666663-0.33333333333333337
-0.31250000000000000-0.29166666666666663-0.27083333333333337-0.25000000000000000
-0.22916666666666663-0.20833333333333337-0.18750000000000000-0.16666666666666663
-0.14583333333333337-0.12500000000000000-0.10416666666666663-0.08333333333333337
-0.06250000000000000-0.04166666666666663-0.02083333333333337 0.00000000000000000
 0.02083333333333326 0.04166666666666674 0.06250000000000000 0.08333333333333326
 0.10416666666666674 0.12500000000000000 0.14583333333333326 0.16666666666666674
 0.18750000000000000 0.20833333333333326 0.22916666666666674 0.25000000000000000
 0.27083333333333326 0.29166666666666674 0.31250000000000000 0.33333333333333326
 0.35416666666666674 0.37500000000000000 0.39583333333333326 0.41666666666666674
 0.43750000000000000 0.45833333333333326 0.47916666666666674 0.50000000000000000
 0.52083333333333326 0.54166666666666674 0.56250000000000000 0.58333333333333326
 0.60416666666666674 0.62500000000000000 0.64583333333333326 0.66666666666666674
 0.68750000000000000 0.70833333333333326 0.72916666666666674 0.75000000000000000
 0.77083333333333326 0.79166666666666674 0.81250000000000000 0.83333333333333326
 0.85416666666666674 0.87500000000000000 0.89583333333333326 0.91666666666666674
 0.93750000000000000 0.95833333333333326 0.97916666666666674 1.00000000000000000
-0.97916666666666663-0.95833333333333337-0.93750000000000000-0.91666666666666663
-0.89583333333333337-0.87500000000000000-0.85416666666666663-0.83333333333333337
-0.81250000000000000-0.79166666666666663-0.77083333333333337-0.75000000000000000
-0.72916666666666674-0.70833333333333326-0.68750000000000000-0.66666666666666674
-0.64583333333333326-0.62500000000000000-0.60416666666666674-0.58333333333333326
-0.56250000000000000-0.54166666666666674-0.52083333333333326-0.50000000000000000
-0.47916666666666663-0.45833333333333337-0.43750000000000000-0.41666666666666663
-0.39583333333333337-0.37500000000000000-0.35416666666666663-0.33333333333333337
-0.31250000000000000-0.29166666666666663-0.27083333333333337-0.25000000000000000
-0.22916666666666663-0.20833333333333337-0.18750000000000000-0.16666666666666663
-0.14583333333333337-0.12500000000000000-0.10416666666666663-0.08333333333333337
-0.06250000000000000-0.04166666666666663-0.02083333333333337 0.00000000000000000
 0.02083333333333326 0.04166666666666674 0.06250000000000000 0.08333333333333326
 0.10416666666666674 0.12500000000000000 0.14583333333333326 0.16666666666666674
 0.18750000000000000 0.20833333333333326 0.22916666666666674 0.25000000000000000
 0.27083333333333326 0.29166666666666674 0.31250000000000000 0.33333333333333326
 0.35416666666666674 0.37500000000000000 0.39583333333333326 0.41666666666666674
 0.43750000000000000 0.45833333333333326 0.47916666666666674 0.50000000000000000
 0.52083333333333326 0.54166666666666674 0.56250000000000000 0.58333333333333326
 0.60416666666666674 0.62500000000000000 0.64583333333333326 0.66666666666666674
 0.68750000000000000 0.70833333333333326 0.72916666666666674 0.75000000000000000
 0.77083333333333326 0.79166666666666674 0.81250000000000000 0.83333333333333326
 0.85416666666666674 0.87500000000000000 0.89583333333333326 0.91666666666666674
 0.93750000000000000 0.95833333333333326 0.97916666666666674 1.00000000000000000
-0.97916666666666663-0.95833333333333337-0.93750000000000000-0.91666666666666663
-0.89583333333333337-0.87500000000000000-0.85416666666666663-0.83333333333333337
-0.81250000000000000-0.79166666666666663-0.77083333333333337-0.75000000000000000
-0.72916666666666674-0.70833333333333326-0.68750000000000000-0.66666666666666674
-0.64583333333333326-0.62500000000000000-0.60416666666666674-0.58333333333333326
-0.56250000000000000-0.54166666666666674-0.52083333333333326-0.50000000000000000
-0.47916666666666663-0.45833333333333337-0.43750000000000000-0.41666666666666663
-0.39583333333333337-0.37500000000000000-0.35416666666666663-0.33333333333333337
-0.31250000000000000-0.29166666666666663-0.27083333333333337-0.25000000000000000
-0.22916666666666663-0.20833333333333337-0.18750000000000000-0.16666666666666663
-0.14583333333333337-0.12500000000000000-0.10416666666666663-0.08333333333333337
-0.06250000000000000-0.04166666666666663-0.02083333333333337 0.00000000000000000
 0.02083333333333326 0.04166666666666674 0.06250000000000000 0.08333333333333326
 0.10416666666666674 0.12500000000000000 0.14583333333333326 0.16666666666666674
 0.18750000000000000 0.20833333333333326 0.22916666666666674 0.25000000000000000
 0.27083333333333326 0.29166666666666674 0.31250000000000000 0.33333333333333326
 0.35416666666666674 0.37500000000000000 0.39583333333333326 0.41666666666666674
 0.43750000000000000 0.45833333333333326 0.47916666666666674 0.50000000000000000
 0.52083333333333326 0.54166666666666674 0.56250000000000000 0.58333333333333326
 0.60416666666666674 0.62500000000000000 0.64583333333333326 0.66666666666666674
 0.68750000000000000 0.70833333333333326 0.72916666666666674 0.75000000000000000
 0.77083333333333326 0.79166666666666674 0.81250000000000000 0.83333333333333326
 0.85416666666666674 0.87500000000000000 0.89583333333333326 0.91666666666666674
 0.93750000000000000 0.95833333333333326 0.97916666666666674 1.00000000000000000
-0.97916666666666663-0.95833333333333337-0.93750000000000000-0.91666666666666663
-0.89583333333333337-0.87500000000000000-0.85416666666666663-0.83333333333333337
-0.81250000000000000-0.79166666666666663-0.77083333333333337-0.75000000000000000
-0.72916666666666674-0.70833333333333326-0.68750000000000000-0.66666666666666674
-0.64583333333333326-0.62500000000000000-0.60416666666666674-0.58333333333333326
-0.56250000000000000-0.54166666666666674-0.52083333333333326-0.50000000000000000
-0.47916666666666663-0.45833333333333337-0.43750000000000000-0.41666666666666663
-0.39583333333333337-0.37500000000000000-0.35416666666666663-0.33333333333333337
-0.31250000000000000-0.29166666666666663-0.27083333333333337-0.25000000000000000
-0.22916666666666663-0.20833333333333337-0.18750000000000000-0.16666666666666663
-0.14583333333333337-0.12500000000000000-0.10416666666666663-0.08333333333333337
-0.06250000000000000-0.04166666666666663-0.02083333333333337 0.00000000000000000
 0.02083333333333326 0.04166666666666674 0.06250000000000000 0.08333333333333326
 0.10416666666666674 0.12500000000000000 0.14583333333333326 0.16666666666666674
 0.18750000000000000 0.20833333333333326 0.22916666666666674 0.25000000000000000
 0.27083333333333326 0.29166666666666674 0.31250000000000000 0.33333333333333326
 0.35416666666666674 0.37500000000000000 0.39583333333333326 0.41666666666666674
 0.43750000000000000 0.45833333333333326 0.47916666666666674 0.50000000000000000
 0.52083333333333326 0.54166666666666674 0.56250000000000000 0.58333333333333326
 0.60416666666666674 0.62500000000000000 0.64583333333333326 0.66666666666666674
 0.68750000000000000 0.70833333333333326 0.72916666666666674 0.75000000000000000
 0.77083333333333326 0.79166666666666674 0.81250000000000000 0.83333333333333326
 0.85416666666666674 0.87500000000000000 0.89583333333333326 0.91666666666666674
 0.93750000000000000 0.95833333333333326 0.97916666666666674 1.00000000000000000
-0.97916666666666663-0.95833333333333337-0.93750000000000000-0.91666666666666663
-0.89583333333333337-0.87500000000000000-0.85416666666666663-0.83333333333333337
-0.81250000000000000-0.79166666666666663-0.77083333333333337-0.75000000000000000
-0.72916666666666674-0.70833333333333326-0.68750000000000000-0.66666666666666674
-0.64583333333333326-0.62500000000000000-0.60416666666666674-0.58333333333333326
-0.56250000000000000-0.54166666666666674-0.52083333333333326-0.50000000000000000
-0.47916666666666663-0.45833333333333337-0.43750000000000000-0.41666666666666663
-0.39583333333333337-0.37500000000000000-0.35416666666666663-0.33333333333333337
-0.31250000000000000-0.29166666666666663-0.27083333333333337-0.25000000000000000
-0.22916666666666663-0.20833333333333337-0.18750000000000000-0.16666666666666663
-0.14583333333333337-0.12500000000000000-0.10416666666666663-0.08333333333333337
-0.06250000000000000-0.04166666666666663-0.02083333333333337 0.00000000000000000
 0.02083333333333326 0.04166666666666674 0.06250000000000000 0.08333333333333326
 0.10416666666666674 0.12500000000000000 0.14583333333333326 0.16666666666666674
 0.18750000000000000 0.20833333333333326 0.22916666666666674 0.25000000000000000
 0.27083333333333326 0.29166666666666674 0.31250000000000000 0.33333333333333326
 0.35416666666666674 0.37500000000000000 0.39583333333333326 0.41666666666666674
 0.43750000000000000 0.45833333333333326 0.47916666666666674 0.50000000000000000
 0.52083333333333326 0.54166666666666674 0.56250000000000000 0.58333333333333326
 0.60416666666666674 0.62500000000000000 0.64583333333333326 0.66666666666666674
 0.68750000000000000 0.70833333333333326 0.72916666666666674 0.75000000000000000
 0.77083333333333326 0.79166666666666674 0.81250000000000000 0.83333333333333326
 0.85416666666666674 0.87500000000000000 0.89583333333333326 0.91666666666666674
 0.93750000000000000 0.95833333333333326 0.97916666666666674 1.00000000000000000
-0.97916666666666663-0.95833333333333337-0.93750000000000000-0.91666666666666663
-0.89583333333333337-0.87500000000000000-0.85416666666666663-0.83333333333333337
-0.81250000000000000-0.79166666666666663-0.77083333333333337-0.75000000000000000
-0.72916666666666674-0.70833333333333326-0.68750000000000000-0.66666666666666674
-0.64583333333333326-0.62500000000000000-0.60416666666666674-0.58333333333333326
-0.56250000000000000-0.54166666666666674-0.52083333333333326-0.50000000000000000
-0.47916666666666663-0.45833333333333337-0.43750000000000000-0.41666666666666663
-0.39583333333333337-0.37500000000000000-0.35416666666666663-0.33333333333333337
-0.31250000000000000-0.29166666666666663-0.27083333333333337-0.25000000000000000
-0.22916666666666663-0.20833333333333337-0.18750000000000000-0.16666666666666663
-0.14583333333333337-0.12500000000000000-0.10416666666666663-0.08333333333333337
-0.06250000000000000-0.04166666666666663-0.02083333333333337 0.00000000000000000
 0.02083333333333326 0.04166666666666674 0.06250000000000000 0.08333333333333326
 0.10416666666666674 0.12500000000000000 0.14583333333333326 0.16666666666666674
 0.18750000000000000 0.20833333333333326 0.22916666666666674 0.25000000000000000
 0.27083333333333326 0.29166666666666674 0.31250000000000000 0.33333333333333326
 0.35416666666666674 0.37500000000000000 0.39583333333333326 0.41666666666666674
 0.43750000000000000 0.45833333333333326 0.47916666666666674 0.50000000000000000
 0.52083333333333326 0.54166666666666674 0.56250000000000000 0.58333333333333326
 0.60416666666666674 0.62500000000000000 0.64583333333333326 0.66666666666666674
 0.68750000000000000 0.70833333333333326 0.72916666666666674 0.75000000000000000
 0.77083333333333326 0.79166666666666674 0.81250000000000000 0.83333333333333326
 0.85416666666666674 0.87500000000000000 0.89583333333333326 0.91666666666666674
 0.93750000000000000 0.95833333333333326 0.97916666666666674 1.00000000000000000
-0.97916666666666663-0.95833333333333337-0.93750000000000000-0.91666666666666663
-0.89583333333333337-0.87500000000000000-0.85416666666666663-0.83333333333333337
-0.81250000000000000-0.79166666666666663-0.77083333333333337-0.75000000000000000
-0.72916666666666674-0.70833333333333326-0.68750000000000000-0.66666666666666674
-0.64583333333333326-0.62500000000000000-0.60416666666666674-0.58333333333333326
-0.56250000000000000-0.54166666666666674-0.52083333333333326-0.50000000000000000
-0.47916666666666663-0.45833333333333337-0.43750000000000000-0.41666666666666663
-0.39583333333333337-0.37500000000000000-0.35416666666666663-0.33333333333333337
-0.31250000000000000-0.29166666666666663-0.27083333333333337-0.25000000000000000
-0.22916666666666663-0.20833333333333337-0.18750000000000000-0.16666666666666663
-0.14583333333333337-0.12500000000000000-0.10416666666666663-0.08333333333333337
-0.06250000000000000-0.04166666666666663-0.02083333333333337 0.00000000000000000
 0.02083333333333326 0.04166666666666674 0.06250000000000000 0.08333333333333326
 0.10416666666666674 0.12500000000000000 0.14583333333333326 0.16666666666666674
 0.18750000000000000 0.20833333333333326 0.22916666666666674 0.25000000000000000
 0.27083333333333326 0.29166666666666674 0.31250000000000000 0.33333333333333326
 0.35416666666666674 0.37500000000000000 0.39583333333333326 0.41666666666666674
 0.43750000000000000 0.45833333333333326 0.47916666666666674 0.50000000000000000
 0.52083333333333326 0.54166666666666674 0.56250000000000000 0.58333333333333326
 0.60416666666666674 0.62500000000000000 0.64583333333333326 0.66666666666666674
 0.68750000000000000 0.70833333333333326 0.72916666666666674 0.75000000000000000
 0.77083333333333326 0.79166666666666674 0.81250000000000000 0.83333333333333326
 0.85416666666666674 0.87500000000000000 0.89583333333333326 0.91666666666666674
 0.93750000000000000 0.95833333333333326 0.97916666666666674 1.00000000000000000
-0.97916666666666663-0.95833333333333337-0.93750000000000000-0.91666666666666663
-0.89583333333333337-0.87500000000000000-0.85416666666666663-0.83333333333333337
-0.81250000000000000-0.79166666666666663-0.77083333333333337-0.75000000000000000
-0.72916666666666674-0.70833333333333326-0.68750000000000000-0.66666666666666674
-0.64583333333333326-0.62500000000000000-0.60416666666666674-0.58333333333333326
-0.56250000000000000-0.54166666666666674-0.52083333333333326-0.50000000000000000
-0.47916666666666663-0.45833333333333337-0.43750000000000000-0.41666666666666663
-0.39583333333333337-0.37500000000000000-0.35416666666666663-0.33333333333333337
-0.31250000000000000-0.29166666666666663-0.27083333333333337-0.25000000000000000
-0.22916666666666663-0.20833333333333337-0.18750000000000000-0.16666666666666663
-0.14583333333333337-0.12500000000000000-0.10416666666666663-0.08333333333333337
-0.06250000000000000-0.04166666666666663-0.02083333333333337 0.00000000000000000
 0.02083333333333326 0.04166666666666674 0.06250000000000000 0.08333333333333326
 0.10416666666666674 0.12500000000000000 0.14583333333333326 0.16666666666666674
 0.18750000000000000 0.20833333333333326 0.22916666666666674 0.25000000000000000
 0.27083333333333326 0.29166666666666674 0.31250000000000000 0.33333333333333326
 0.35416666666666674 0.37500000000000000 0.39583333333333326 0.41666666666666674
 0.43750000000000000 0.45833333333333326 0.47916666666666674 0.50000000000000000
 0.52083333333333326 0.54166666666666674 0.56250000000000000 0.58333333333333326
 0.60416666666666674 0.62500000000000000 0.64583333333333326 0.66666666666666674
 0.68750000000000000 0.70833333333333326 0.72916666666666674 0.75000000000000000
 0.77083333333333326 0.79166666666666674 0.81250000000000000 0.83333333333333326
 0.85416666666666674 0.87500000000000000 0.89583333333333326 0.91666666666666674
 0.93750000000000000 0.95833333333333326 0.97916666666666674 1.00000000000000000
-0.97916666666666663-0.95833333333333337-0.93750000000000000-0.91666666666666663
-0.89583333333333337-0.87500000000000000-0.85416666666666663-0.83333333333333337
-0.81250000000000000-0.79166666666666663-0.77083333333333337-0.75000000000000000
-0.72916666666666674-0.70833333333333326-0.68750000000000000-0.66666666666666674
-0.64583333333333326-0.62500000000000000-0.60416666666666674-0.58333333333333326
-0.56250000000000000-0.54166666666666674-0.52083333333333326-0.50000000000000000
-0.47916666666666663-0.45833333333333337-0.43750000000000000-0.41666666666666663
-0.39583333333333337-0.37500000000000000-0.35416666666666663-0.33333333333333337
-0.31250000000000000-0.29166666666666663-0.27083333333333337-0.25000000000000000
-0.22916666666666663-0.20833333333333337-0.18750000000000000-0.16666666666666663
-0.14583333333333337-0.12500000000000000-0.10416666666666663-0.08333333333333337
-0.06250000000000000-0.04166666666666663-0.02083333333333337 0.00000000000000000
 0.02083333333333326 0.04166666666666674 0.06250000000000000 0.08333333333333326
 0.10416666666666674 0.12500000000000000 0.14583333333333326 0.16666666666666674
 0.18750000000000000 0.20833333333333326 0.22916666666666674 0.25000000000000000
 0.27083333333333326 0.29166666666666674 0.31250000000000000 0.33333333333333326
 0.35416666666666674 0.37500000000000000 0.39583333333333326 0.41666666666666674
 0.43750000000000000 0.45833333333333326 0.47916666666666674 0.50000000000000000
 0.52083333333333326 0.54166666666666674 0.56250000000000000 0.58333333333333326
 0.60416666666666674 0.62500000000000000 0.64583333333333326 0.66666666666666674
 0.68750000000000000 0.70833333333333326 0.72916666666666674 0.75000000000000000
 0.77083333333333326 0.79166666666666674 0.81250000000000000 0.83333333333333326
 0.85416666666666674 0.87500000000000000 0.89583333333333326 0.91666666666666674
 0.93750000000000000 0.95833333333333326 0.97916666666666674 1.00000000000000000
-0.97916666666666663-0.95833333333333337-0.93750000000000000-0.91666666666666663
-0.89583333333333337-0.87500000000000000-0.85416666666666663-0.83333333333333337
-0.81250000000000000-0.79166666666666663-0.77083333333333337-0.75000000000000000
-0.72916666666666674-0.70833333333333326-0.68750000000000000-0.66666666666666674
-0.64583333333333326-0.62500000000000000-0.60416666666666674-0.58333333333333326
-0.56250000000000000-0.54166666666666674-0.52083333333333326-0.50000000000000000
-0.47916666666666663-0.45833333333333337-0.43750000000000000-0.41666666666666663
-0.39583333333333337-0.37500000000000000-0.35416666666666663-0.33333333333333337
-0.31250000000000000-0.29166666666666663-0.27083333333333337-0.25000000000000000
-0.22916666666666663-0.20833333333333337-0.18750000000000000-0.16666666666666663
-0.14583333333333337-0.12500000000000000-0.10416666666666663-0.08333333333333337
-0.06250000000000000-0.04166666666666663-0.02083333333333337 0.00000000000000000
 0.02083333333333326 0.04166666666666674 0.06250000000000000 0.08333333333333326
 0.10416666666666674 0.12500000000000000 0.14583333333333326 0.16666666666666674
 0.18750000000000000 0.20833333333333326 0.22916666666666674 0.25000000000000000
 0.27083333333333326 0.29166666666666674 0.31250000000000000 0.33333333333333326
 0.35416666666666674 0.37500000000000000 0.39583333333333326 0.41666666666666674
 0.43750000000000000 0.45833333333333326 0.47916666666666674 0.50000000000000000
 0.52083333333333326 0.54166666666666674 0.56250000000000000 0.58333333333333326
 0.60416666666666674 0.62500000000000000 0.64583333333333326 0.66666666666666674
 0.68750000000000000 0.70833333333333326 0.72916666666666674 0.75000000000000000
 0.77083333333333326 0.79166666666666674 0.81250000000000000 0.83333333333333326
 0.85416666666666674 0.87500000000000000 0.89583333333333326 0.91666666666666674
 0.93750000000000000 0.95833333333333326 0.97916666666666674 1.00000000000000000
-0.97916666666666663-0.95833333333333337-0.93750000000000000-0.91666666666666663
-0.89583333333333337-0.87500000000000000-0.85416666666666663-0.83333333333333337
-0.81250000000000000-0.79166666666666663-0.77083333333333337-0.75000000000000000
-0.72916666666666674-0.70833333333333326-0.68750000000000000-0.66666666666666674
-0.64583333333333326-0.62500000000000000-0.60416666666666674-0.58333333333333326
-0.56250000000000000-0.54166666666666674-0.52083333333333326-0.50000000000000000
-0.47916666666666663-0.45833333333333337-0.43750000000000000-0.41666666666666663
-0.39583333333333337-0.37500000000000000-0.35416666666666663-0.33333333333333337
-0.31250000000000000-0.29166666666666663-0.27083333333333337-0.25000000000000000
-0.22916666666666663-0.20833333333333337-0.18750000000000000-0.16666666666666663
-0.14583333333333337-0.12500000000000000-0.10416666666666663-0.08333333333333337
-0.06250000000000000-0.04166666666666663-0.02083333333333337 0.00000000000000000
 0.02083333333333326 0.04166666666666674 0.06250000000000000 0.08333333333333326
 0.10416666666666674 0.12500000000000000 0.14583333333333326 0.16666666666666674
 0.18750000000000000 0.20833333333333326 0.22916666666666674 0.25000000000000000
 0.27083333333333326 0.29166666666666674 0.31250000000000000 0.33333333333333326
 0.35416666666666674 0.37500000000000000 0.39583333333333326 0.41666666666666674
 0.43750000000000000 0.45833333333333326 0.47916666666666674 0.50000000000000000
 0.52083333333333326 0.54166666666666674 0.56250000000000000 0.58333333333333326
 0.60416666666666674 0.62500000000000000 0.64583333333333326 0.66666666666666674
 0.68750000000000000 0.70833333333333326 0.72916666666666674 0.75000000000000000
 0.77083333333333326 0.79166666666666674 0.81250000000000000 0.83333333333333326
 0.85416666666666674 0.87500000000000000 0.89583333333333326 0.91666666666666674
 0.93750000000000000 0.95833333333333326 0.97916666666666674 1.00000000000000000
 1.00000000000000000 0.00000000000000000 0.00000000000000000 0.00000000000000000
 0.00000000000000000 0.00000000000000000 0.00000000000000000 0.00000000000000000
 0.00000000000000000 0.00000000000000000
